0 9
0 15
0 37
0 40
0 67
0 84
1 25
1 44
1 69
1 78
2 7
2 8
2 38
2 78
2 87
3 17
3 39
3 64
3 67
4 9
4 43
4 62
4 73
5 6
5 14
5 20
5 38
5 52
5 63
5 90
6 7
6 26
6 27
6 54
7 11
7 21
7 34
7 35
8 14
8 21
8 26
8 50
8 54
8 78
9 20
9 34
9 42
9 73
9 96
10 12
10 16
11 25
11 28
11 35
11 45
11 59
11 61
11 66
11 70
11 75
11 87
12 27
12 92
13 14
13 24
13 77
13 90
13 92
14 53
14 85
15 28
15 39
15 49
15 92
15 99
16 20
16 41
17 40
17 60
18 33
18 48
18 53
18 82
19 43
19 44
19 53
19 54
19 59
19 80
19 92
20 50
20 66
20 92
21 37
21 44
21 71
22 48
22 70
22 83
22 97
23 28
23 30
23 37
23 48
23 53
23 60
23 63
23 81
23 84
24 83
25 28
25 36
25 47
25 59
25 68
25 89
25 91
26 57
27 47
29 61
29 76
29 86
30 63
30 69
30 91
31 36
31 41
31 67
31 80
32 47
32 62
32 70
32 88
32 92
32 94
32 95
32 96
33 36
33 71
33 82
33 91
34 64
34 84
35 53
35 73
35 89
36 46
36 51
37 63
37 98
38 88
39 67
40 48
40 59
40 80
40 89
41 77
41 91
42 46
42 52
42 68
42 87
43 54
43 65
43 96
44 64
44 67
44 96
45 58
45 98
46 55
46 67
46 80
47 56
47 69
47 74
47 76
47 87
48 61
48 70
48 72
48 74
48 75
48 86
49 69
50 59
51 75
51 86
51 89
53 68
53 69
54 64
54 87
54 93
54 97
54 99
55 80
55 89
56 60
56 97
56 99
57 63
58 69
58 70
59 63
60 99
61 80
61 96
63 80
64 67
64 96
64 98
66 72
66 99
67 70
67 72
67 86
67 88
68 70
68 82
68 99
69 80
70 79
71 79
71 94
72 76
72 81
75 84
75 92
76 92
76 97
76 98
79 88
80 96
81 92
82 96
83 89
83 90
84 93
84 94
84 97
87 95
91 96
93 94
