0 1
0 2
0 6
0 8
0 11
0 12
0 14
0 30
0 31
0 32
0 33
0 34
0 36
0 38
0 39
0 40
0 49
1 6
1 12
1 13
1 14
1 16
1 18
1 23
1 26
1 32
1 33
1 35
1 39
1 40
1 43
1 45
1 48
2 5
2 6
2 7
2 8
2 11
2 12
2 13
2 14
2 17
2 19
2 22
2 30
2 32
2 39
2 44
2 48
3 9
3 12
3 13
3 16
3 21
3 22
3 36
3 40
3 42
3 43
3 45
4 8
4 18
4 22
4 25
4 33
4 35
4 36
4 42
4 43
4 44
4 47
4 48
5 7
5 10
5 11
5 13
5 15
5 16
5 18
5 19
5 21
5 23
5 28
5 32
5 33
5 34
5 37
5 40
5 41
5 45
5 48
5 49
6 9
6 13
6 14
6 15
6 18
6 21
6 22
6 23
6 30
6 31
6 33
6 34
6 36
6 37
6 40
6 41
6 47
7 8
7 9
7 19
7 23
7 25
7 30
7 31
7 32
7 34
7 41
7 46
8 13
8 14
8 18
8 21
8 22
8 27
8 28
8 29
8 37
8 38
8 41
8 44
8 48
8 49
9 19
9 22
9 24
9 25
9 29
9 37
9 40
9 48
10 12
10 19
10 22
10 24
10 25
10 26
10 27
10 34
10 35
10 37
10 39
10 42
10 43
10 45
10 47
10 48
11 13
11 14
11 15
11 20
11 23
11 33
11 34
11 35
11 36
11 37
11 46
11 47
11 48
11 49
12 13
12 16
12 17
12 18
12 25
12 34
12 40
12 45
13 16
13 17
13 20
13 27
13 29
13 36
13 39
13 41
13 42
13 47
14 15
14 19
14 21
14 23
14 28
14 32
14 33
14 34
14 38
14 42
14 43
14 45
14 48
15 16
15 31
15 35
15 36
15 40
15 41
15 43
15 45
15 46
16 18
16 20
16 29
16 32
16 37
16 46
16 48
16 49
17 18
17 19
17 23
17 24
17 30
17 34
17 40
17 41
18 26
18 27
18 33
18 42
18 43
18 44
18 48
19 28
19 34
19 37
19 39
19 42
19 43
19 44
19 47
20 21
20 25
20 26
20 27
20 30
20 31
20 32
20 33
20 37
20 38
20 42
20 45
21 24
21 26
21 28
21 29
21 31
21 32
21 35
21 36
21 37
21 44
21 45
22 29
22 36
22 38
22 40
22 47
22 49
23 25
23 26
23 38
23 41
23 44
23 48
24 32
24 38
24 40
24 42
24 46
25 28
25 31
25 39
25 43
25 44
25 45
25 46
25 48
26 34
26 36
26 37
26 39
26 48
27 28
27 30
27 34
27 43
27 44
27 45
27 47
27 48
28 34
28 45
28 47
29 33
29 35
29 36
29 40
29 41
30 34
30 46
30 47
31 32
31 33
31 34
31 35
31 36
31 39
31 40
31 42
31 45
31 47
31 49
32 36
32 38
32 39
32 40
32 42
32 45
33 34
33 38
33 41
33 43
33 44
33 46
34 36
34 40
34 48
35 39
35 41
35 43
35 47
35 48
35 49
36 38
36 41
36 44
37 39
37 44
37 45
37 46
37 48
38 39
38 41
38 42
38 47
38 49
39 41
39 44
39 45
39 46
39 47
40 41
40 42
40 44
40 46
40 47
40 48
41 44
41 47
42 43
42 44
42 48
42 49
43 44
44 47
44 48
45 48
45 49
46 47
47 48
