0 86
0 162
1 42
1 74
1 78
1 115
1 178
1 192
2 9
2 149
2 151
2 156
3 33
3 39
3 82
3 118
3 189
4 16
4 39
4 169
5 32
5 74
5 196
6 90
7 26
7 29
7 141
7 142
7 143
7 162
7 171
8 32
8 42
8 70
8 76
8 143
8 166
8 180
9 17
9 90
9 97
9 100
9 126
10 18
10 52
10 53
10 97
10 107
10 184
11 144
11 171
12 46
12 55
12 71
12 140
13 53
13 55
13 74
13 76
13 85
13 118
13 149
14 15
14 73
14 85
14 137
14 149
14 179
15 56
15 72
15 79
15 137
15 187
15 191
16 25
16 82
16 145
16 182
16 199
17 29
17 42
17 105
17 162
18 62
18 67
18 95
18 123
18 130
18 195
19 37
19 65
19 90
19 91
19 106
20 57
20 122
20 151
21 165
21 195
22 48
22 50
22 82
22 99
22 170
22 189
23 103
23 119
23 139
23 143
24 47
24 48
25 31
25 60
25 163
26 177
27 32
27 79
27 107
27 154
27 160
28 35
28 63
28 138
28 150
28 169
28 186
29 48
29 83
29 88
29 122
29 143
30 45
30 47
30 142
31 37
31 49
31 171
31 180
32 121
32 132
32 144
32 185
33 36
33 61
33 97
33 108
33 172
34 41
34 95
34 156
35 156
36 62
36 104
36 117
36 177
37 44
37 74
37 90
37 105
37 108
37 135
38 107
38 168
39 132
39 143
39 154
40 48
40 92
40 102
40 117
40 159
40 170
41 101
42 172
42 182
43 126
43 180
44 75
44 121
44 124
44 132
44 144
44 157
45 72
45 103
45 155
45 169
45 173
45 177
46 93
47 196
48 92
48 120
48 122
48 146
48 178
49 100
49 182
50 79
50 94
50 143
50 153
50 165
50 189
51 52
51 91
51 107
51 154
51 173
52 84
52 133
53 171
53 188
54 64
54 102
54 104
54 106
54 113
55 83
55 92
55 110
55 118
55 130
55 137
55 192
56 102
56 140
56 165
57 167
57 189
58 77
58 101
58 110
58 181
58 194
59 108
60 72
60 101
60 139
61 131
62 177
62 190
62 195
63 79
63 167
63 198
63 199
64 195
65 103
65 114
66 145
67 80
67 87
67 92
67 121
67 166
67 174
68 79
68 112
68 134
68 148
68 198
69 89
69 119
69 123
69 171
70 86
70 126
70 131
70 132
70 145
70 147
71 156
71 165
72 126
73 82
73 144
73 153
73 154
73 190
73 199
74 93
74 185
75 109
75 127
75 177
76 153
77 186
78 82
78 83
78 115
78 116
78 122
78 125
78 141
78 166
78 180
79 85
80 92
80 99
80 119
80 161
80 187
80 189
81 111
82 154
83 104
83 107
83 108
83 131
83 168
83 188
84 99
84 105
84 122
84 186
86 103
86 112
86 145
87 144
87 193
88 106
88 111
88 122
88 193
89 118
89 150
89 154
89 161
89 164
89 183
90 94
90 98
91 170
92 93
92 175
92 183
92 193
92 195
93 143
94 138
94 148
94 185
95 128
95 133
95 149
95 151
95 168
95 177
96 144
96 173
97 143
97 160
97 177
98 154
98 167
99 107
99 138
99 173
99 182
100 132
100 181
100 186
101 134
101 142
101 185
102 167
102 194
103 134
103 176
103 196
104 155
106 167
107 151
107 162
108 130
108 163
108 170
108 195
110 143
110 199
111 118
111 124
112 150
113 126
114 145
114 163
114 196
115 172
115 194
115 198
116 162
117 156
117 158
119 172
120 130
120 154
120 188
122 127
123 155
123 170
123 185
123 191
124 127
124 174
124 175
124 194
126 148
126 150
126 154
127 144
128 155
129 172
129 178
129 179
129 198
131 133
131 186
133 175
134 170
134 176
135 152
135 195
136 156
137 141
137 149
137 178
138 149
138 184
139 188
140 143
140 144
141 181
142 146
143 169
144 157
144 179
144 180
144 188
146 193
147 173
147 178
147 183
152 175
154 170
154 171
156 170
158 192
159 167
159 176
159 190
161 169
161 172
161 180
161 197
162 186
162 197
163 175
163 177
163 182
164 172
165 187
165 197
166 180
168 187
170 190
171 179
171 180
172 199
173 188
174 176
175 191
175 196
176 196
177 199
179 187
180 181
180 185
184 196
187 190
194 198
