0 6
0 35
0 36
0 38
0 42
0 44
1 16
1 43
2 12
2 14
2 27
2 47
3 6
3 13
3 37
4 17
4 29
4 42
4 47
4 48
4 49
5 30
5 45
6 11
6 20
7 8
7 11
7 38
7 41
7 42
7 44
8 12
8 25
8 26
8 38
8 43
8 44
8 46
9 13
10 14
10 29
10 35
10 39
10 43
11 12
11 48
12 19
12 28
12 32
12 40
13 16
13 19
13 24
13 28
13 44
13 48
14 21
14 27
15 22
15 30
15 35
15 43
15 45
16 26
16 27
16 33
16 40
16 47
17 29
18 27
18 29
18 32
18 36
19 28
19 35
20 21
20 25
20 27
20 32
20 43
20 45
21 41
22 45
23 39
23 45
26 31
26 43
27 28
27 29
27 42
28 38
30 43
31 42
31 45
32 34
32 48
33 36
33 41
33 43
34 48
35 45
36 39
36 45
37 40
38 47
39 40
39 42
40 49
42 47
43 44
44 46
