0 1
0 2
0 4
0 8
0 9
0 10
0 11
0 14
0 16
0 24
0 32
0 33
0 34
0 35
0 36
0 38
0 41
0 44
0 48
0 52
0 54
0 55
0 56
0 65
0 74
0 77
0 81
0 84
0 85
0 87
0 90
0 96
0 99
1 5
1 8
1 9
1 10
1 15
1 18
1 19
1 20
1 24
1 29
1 30
1 31
1 32
1 35
1 36
1 41
1 42
1 45
1 53
1 54
1 57
1 60
1 64
1 73
1 77
1 81
1 84
2 3
2 5
2 12
2 14
2 15
2 24
2 35
2 36
2 37
2 40
2 41
2 43
2 46
2 48
2 49
2 56
2 58
2 59
2 61
2 64
2 66
2 71
2 77
2 78
2 84
2 86
2 90
2 94
2 97
2 98
2 99
3 7
3 12
3 13
3 18
3 21
3 22
3 25
3 26
3 27
3 29
3 31
3 33
3 35
3 37
3 40
3 51
3 54
3 56
3 58
3 61
3 66
3 68
3 75
3 77
3 81
3 83
3 85
3 97
3 99
4 5
4 10
4 14
4 16
4 22
4 28
4 31
4 33
4 34
4 35
4 43
4 45
4 48
4 49
4 52
4 54
4 57
4 58
4 59
4 61
4 63
4 66
4 73
4 74
4 77
4 83
4 85
4 87
4 88
4 90
4 92
4 93
4 94
4 99
5 9
5 11
5 25
5 27
5 35
5 37
5 41
5 42
5 44
5 45
5 46
5 50
5 54
5 55
5 56
5 59
5 60
5 61
5 63
5 67
5 68
5 73
5 76
5 83
5 84
5 87
5 93
5 94
5 95
5 98
6 10
6 17
6 21
6 22
6 23
6 26
6 33
6 37
6 40
6 42
6 43
6 46
6 49
6 53
6 57
6 59
6 61
6 65
6 77
6 81
6 85
6 92
6 95
6 96
7 11
7 14
7 15
7 16
7 25
7 31
7 34
7 35
7 37
7 39
7 41
7 45
7 49
7 50
7 56
7 58
7 62
7 63
7 64
7 65
7 66
7 68
7 69
7 73
7 75
7 76
7 78
7 83
7 88
7 90
7 93
7 95
8 10
8 11
8 12
8 13
8 17
8 20
8 23
8 26
8 34
8 38
8 40
8 41
8 42
8 46
8 50
8 54
8 55
8 60
8 66
8 68
8 76
8 82
8 84
8 85
8 86
8 87
8 90
8 93
9 12
9 15
9 16
9 21
9 23
9 36
9 39
9 40
9 41
9 52
9 56
9 57
9 58
9 60
9 62
9 67
9 68
9 76
9 80
9 87
9 88
9 90
9 93
9 95
9 97
10 11
10 16
10 18
10 21
10 22
10 23
10 27
10 28
10 30
10 33
10 37
10 38
10 39
10 41
10 46
10 49
10 50
10 68
10 70
10 79
10 80
10 83
10 84
10 85
10 89
10 91
10 92
10 94
10 95
10 96
10 97
10 98
11 15
11 18
11 20
11 27
11 28
11 39
11 41
11 42
11 43
11 46
11 50
11 53
11 54
11 61
11 67
11 69
11 71
11 72
11 74
11 77
11 78
11 87
12 16
12 18
12 21
12 22
12 26
12 32
12 36
12 38
12 42
12 43
12 45
12 46
12 49
12 51
12 56
12 59
12 65
12 72
12 73
12 74
12 76
12 81
12 91
12 93
12 96
13 16
13 18
13 20
13 22
13 24
13 31
13 32
13 45
13 46
13 51
13 57
13 62
13 63
13 66
13 67
13 69
13 73
13 74
13 78
13 85
13 87
13 90
13 92
13 95
13 98
13 99
14 18
14 19
14 21
14 22
14 23
14 30
14 32
14 37
14 38
14 44
14 46
14 52
14 54
14 56
14 57
14 59
14 62
14 64
14 65
14 67
14 69
14 70
14 73
14 75
14 84
14 90
14 91
14 92
14 99
15 16
15 19
15 25
15 28
15 33
15 37
15 40
15 41
15 48
15 50
15 52
15 53
15 54
15 56
15 58
15 61
15 62
15 68
15 78
15 79
15 82
15 83
15 84
15 85
15 90
15 91
15 95
16 19
16 20
16 21
16 25
16 32
16 34
16 35
16 36
16 40
16 45
16 48
16 51
16 53
16 54
16 55
16 58
16 61
16 64
16 65
16 70
16 71
16 73
16 74
16 79
16 81
16 87
16 90
16 93
16 95
17 20
17 23
17 26
17 30
17 31
17 34
17 36
17 40
17 42
17 45
17 46
17 50
17 60
17 64
17 65
17 67
17 69
17 70
17 71
17 72
17 74
17 81
17 83
17 91
17 93
17 96
17 97
17 98
18 27
18 30
18 32
18 33
18 35
18 38
18 40
18 43
18 44
18 47
18 56
18 65
18 68
18 72
18 73
18 75
18 78
18 91
18 93
19 24
19 25
19 29
19 31
19 35
19 37
19 41
19 45
19 48
19 50
19 52
19 54
19 58
19 59
19 64
19 66
19 68
19 75
19 77
19 81
19 87
19 90
19 91
19 92
19 95
19 97
19 99
20 27
20 28
20 30
20 31
20 32
20 36
20 37
20 39
20 40
20 44
20 45
20 47
20 51
20 53
20 57
20 58
20 62
20 67
20 69
20 74
20 77
20 78
20 80
20 84
20 87
20 91
20 93
20 94
20 97
20 98
20 99
21 22
21 23
21 24
21 29
21 36
21 41
21 46
21 53
21 59
21 61
21 62
21 64
21 67
21 70
21 74
21 75
21 76
21 77
21 78
21 83
21 84
21 86
22 24
22 28
22 36
22 38
22 40
22 41
22 42
22 43
22 47
22 48
22 49
22 50
22 52
22 54
22 55
22 58
22 59
22 61
22 62
22 71
22 77
22 78
22 80
22 82
22 84
22 87
22 90
22 92
22 97
22 98
23 24
23 33
23 37
23 41
23 42
23 43
23 48
23 49
23 51
23 53
23 59
23 61
23 62
23 64
23 70
23 71
23 74
23 78
23 80
23 83
23 87
23 91
23 92
23 93
23 98
24 27
24 30
24 33
24 34
24 36
24 37
24 41
24 42
24 48
24 50
24 51
24 55
24 56
24 58
24 60
24 65
24 66
24 67
24 71
24 72
24 73
24 75
24 77
24 87
24 89
24 90
24 97
24 98
25 26
25 27
25 33
25 34
25 38
25 51
25 57
25 64
25 67
25 71
25 76
25 77
25 80
25 82
25 86
25 87
25 97
25 99
26 31
26 32
26 34
26 39
26 42
26 44
26 47
26 49
26 54
26 56
26 61
26 63
26 64
26 65
26 67
26 68
26 69
26 70
26 75
26 78
26 79
26 80
26 81
26 84
26 85
26 87
26 90
26 91
26 92
26 97
27 28
27 30
27 32
27 36
27 50
27 62
27 63
27 64
27 66
27 71
27 75
27 76
27 78
27 79
27 80
27 81
27 83
27 87
27 91
27 95
27 96
27 98
27 99
28 30
28 31
28 32
28 37
28 40
28 43
28 44
28 45
28 46
28 51
28 59
28 60
28 61
28 68
28 69
28 70
28 74
28 75
28 77
28 78
28 80
28 82
28 83
28 88
28 90
28 95
28 96
28 98
29 31
29 33
29 37
29 45
29 46
29 48
29 55
29 57
29 61
29 64
29 65
29 66
29 68
29 69
29 73
29 82
29 83
29 84
29 93
29 94
29 95
29 99
30 33
30 35
30 38
30 39
30 52
30 53
30 56
30 59
30 61
30 62
30 65
30 68
30 69
30 71
30 75
30 79
30 80
30 83
30 85
30 95
30 96
31 32
31 40
31 44
31 45
31 48
31 53
31 55
31 59
31 67
31 68
31 73
31 75
31 76
31 78
31 80
31 81
31 84
31 88
32 34
32 41
32 48
32 49
32 50
32 61
32 63
32 67
32 69
32 71
32 75
32 76
32 80
32 82
32 83
32 86
32 87
32 88
32 91
32 92
32 96
32 97
33 34
33 36
33 39
33 44
33 46
33 50
33 54
33 55
33 58
33 62
33 63
33 65
33 71
33 75
33 76
33 77
33 81
33 82
33 85
33 87
33 90
33 91
33 93
33 99
34 38
34 39
34 41
34 48
34 56
34 58
34 63
34 65
34 68
34 69
34 71
34 73
34 74
34 85
34 87
34 89
34 92
34 93
34 94
34 97
35 40
35 41
35 42
35 43
35 47
35 48
35 51
35 56
35 57
35 62
35 64
35 72
35 73
35 74
35 75
35 79
35 85
35 86
35 90
35 94
35 95
35 98
35 99
36 40
36 43
36 48
36 49
36 51
36 52
36 66
36 68
36 77
36 78
36 79
36 83
36 84
36 86
36 90
36 91
36 92
36 95
36 98
37 39
37 49
37 54
37 56
37 66
37 67
37 71
37 74
37 80
37 87
37 92
37 98
38 39
38 41
38 42
38 50
38 54
38 55
38 56
38 59
38 64
38 69
38 71
38 74
38 76
38 85
38 87
38 89
38 90
38 94
38 98
39 40
39 44
39 56
39 59
39 60
39 64
39 66
39 68
39 69
39 70
39 71
39 73
39 79
39 81
39 82
39 88
39 89
39 90
39 91
39 93
39 95
39 98
39 99
40 41
40 42
40 43
40 45
40 50
40 53
40 54
40 60
40 62
40 63
40 69
40 70
40 71
40 77
40 78
40 82
40 85
40 89
40 98
41 42
41 48
41 51
41 52
41 57
41 65
41 69
41 71
41 75
41 82
41 83
41 87
41 88
41 90
41 92
41 95
41 97
42 46
42 47
42 57
42 58
42 59
42 60
42 66
42 67
42 68
42 70
42 71
42 74
42 79
42 80
42 89
42 91
42 92
42 93
42 95
42 96
42 97
43 45
43 50
43 60
43 63
43 65
43 71
43 73
43 74
43 81
43 85
43 87
43 88
43 96
44 49
44 53
44 54
44 59
44 64
44 68
44 70
44 71
44 72
44 77
44 80
44 88
44 95
44 98
45 48
45 49
45 51
45 54
45 55
45 66
45 68
45 69
45 75
45 80
45 89
45 90
45 92
45 93
45 97
45 98
45 99
46 50
46 56
46 57
46 59
46 60
46 61
46 62
46 71
46 78
46 82
46 85
46 87
46 91
46 93
46 94
46 95
46 96
46 97
46 99
47 50
47 55
47 57
47 58
47 59
47 61
47 63
47 65
47 66
47 68
47 71
47 73
47 75
47 77
47 84
47 85
47 86
47 90
47 92
47 98
48 49
48 52
48 53
48 57
48 58
48 61
48 63
48 69
48 70
48 76
48 81
48 85
48 86
48 87
48 88
48 94
48 97
48 98
49 52
49 55
49 57
49 59
49 60
49 61
49 62
49 64
49 66
49 69
49 71
49 77
49 78
49 88
49 89
49 91
49 94
50 67
50 72
50 75
50 76
50 78
50 79
50 81
50 82
50 85
50 94
50 96
50 97
50 98
50 99
51 53
51 57
51 66
51 68
51 77
51 78
51 81
51 83
51 87
51 88
51 89
51 99
52 53
52 55
52 60
52 68
52 71
52 77
52 79
52 80
52 84
52 92
52 96
53 54
53 58
53 61
53 62
53 64
53 65
53 68
53 70
53 71
53 72
53 74
53 75
53 77
53 79
53 81
53 84
53 88
53 90
53 97
54 57
54 60
54 65
54 70
54 71
54 75
54 79
54 87
54 89
54 94
54 97
54 99
55 58
55 60
55 61
55 62
55 66
55 67
55 71
55 76
55 83
55 88
55 90
55 92
55 94
56 61
56 63
56 70
56 71
56 72
56 74
56 77
56 80
56 87
56 90
57 63
57 66
57 70
57 73
57 76
57 80
57 81
57 82
57 85
57 86
57 92
57 97
57 98
58 59
58 60
58 61
58 62
58 64
58 68
58 70
58 81
58 86
58 88
58 90
58 91
58 94
58 96
58 97
59 60
59 62
59 69
59 72
59 73
59 76
59 77
59 82
59 83
59 87
59 92
60 61
60 71
60 72
60 73
60 75
60 76
60 83
60 89
60 93
60 96
61 66
61 68
61 69
61 75
61 82
61 86
61 88
61 91
61 93
61 96
61 97
61 99
62 63
62 67
62 68
62 69
62 70
62 73
62 79
62 80
62 82
62 90
62 92
62 99
63 68
63 72
63 75
63 80
63 84
63 85
63 88
63 91
63 93
63 97
64 66
64 73
64 75
64 77
64 79
64 82
64 83
64 84
64 88
64 93
64 94
64 95
64 96
64 97
64 98
65 70
65 72
65 74
65 77
65 78
65 80
65 86
65 90
65 95
66 67
66 74
66 82
66 84
66 86
66 91
66 93
66 96
67 68
67 70
67 71
67 75
67 80
67 83
67 84
67 85
67 86
67 89
67 90
67 96
67 97
68 72
68 74
68 75
68 80
68 81
68 88
68 91
68 93
68 96
68 98
69 70
69 71
69 74
69 75
69 79
69 81
69 82
69 90
69 91
69 94
69 96
69 98
70 72
70 78
70 80
70 81
70 82
70 85
70 86
70 88
70 89
70 90
70 99
71 72
71 78
71 84
71 86
71 97
72 73
72 74
72 75
72 79
72 81
72 84
72 86
72 90
72 91
72 93
72 96
72 97
73 77
73 80
73 81
73 82
73 83
73 86
73 91
73 94
73 95
73 96
73 97
74 80
74 83
74 97
74 98
74 99
75 77
75 78
75 82
75 88
75 89
75 90
75 94
75 99
76 79
76 80
76 84
76 89
77 80
77 82
77 89
77 91
77 95
77 96
78 81
78 84
78 86
78 88
78 90
78 96
78 98
79 83
79 84
79 85
79 87
79 88
79 93
79 96
79 97
80 81
80 87
80 89
80 96
81 82
81 85
81 87
81 88
81 92
81 94
81 95
81 96
82 84
82 88
82 93
82 95
82 98
83 85
83 87
83 94
83 97
84 86
84 87
84 88
84 90
84 92
84 96
84 98
85 87
85 90
85 92
85 95
86 94
87 89
87 93
87 94
87 97
88 89
88 91
88 98
88 99
89 92
89 94
89 99
90 92
90 94
91 92
91 93
91 95
91 96
92 95
92 96
93 94
93 96
93 97
93 98
94 99
95 96
96 97
96 98
96 99
