0 1
0 8
0 12
0 14
0 16
0 19
0 28
0 31
0 32
0 36
0 43
0 46
0 48
0 49
0 51
0 55
0 63
0 65
0 66
0 67
0 74
0 79
0 83
0 86
0 93
0 94
0 95
0 102
0 108
0 117
0 122
0 124
0 126
0 127
0 128
0 129
0 135
0 137
0 140
0 145
0 147
0 149
0 157
0 159
0 160
0 164
0 166
0 167
0 168
0 171
0 173
0 180
0 184
0 187
1 3
1 4
1 7
1 8
1 9
1 11
1 13
1 17
1 23
1 25
1 27
1 30
1 32
1 33
1 34
1 38
1 48
1 51
1 52
1 54
1 55
1 59
1 69
1 74
1 75
1 76
1 77
1 79
1 80
1 86
1 88
1 94
1 98
1 109
1 110
1 112
1 118
1 124
1 127
1 131
1 132
1 134
1 140
1 147
1 148
1 152
1 157
1 160
1 161
1 164
1 167
1 169
1 171
1 174
1 180
1 181
1 189
1 193
1 196
2 5
2 6
2 9
2 13
2 15
2 19
2 20
2 21
2 28
2 29
2 30
2 34
2 35
2 36
2 40
2 41
2 42
2 43
2 45
2 51
2 52
2 55
2 59
2 60
2 62
2 65
2 68
2 71
2 80
2 83
2 85
2 86
2 87
2 90
2 93
2 99
2 100
2 103
2 106
2 107
2 110
2 114
2 122
2 123
2 125
2 126
2 127
2 129
2 130
2 131
2 141
2 142
2 143
2 147
2 156
2 157
2 158
2 160
2 162
2 169
2 171
2 187
2 193
2 196
2 197
3 5
3 6
3 11
3 13
3 16
3 17
3 18
3 21
3 23
3 32
3 33
3 43
3 47
3 48
3 55
3 58
3 64
3 69
3 70
3 72
3 79
3 80
3 81
3 83
3 87
3 89
3 94
3 106
3 107
3 111
3 112
3 115
3 123
3 130
3 136
3 144
3 146
3 147
3 148
3 149
3 152
3 153
3 155
3 157
3 163
3 166
3 167
3 169
3 175
3 177
3 180
3 182
3 186
3 191
3 198
3 199
4 10
4 13
4 14
4 16
4 18
4 22
4 23
4 26
4 27
4 30
4 31
4 36
4 41
4 46
4 53
4 54
4 56
4 60
4 62
4 67
4 69
4 71
4 77
4 79
4 80
4 87
4 92
4 95
4 96
4 102
4 104
4 110
4 112
4 118
4 125
4 130
4 131
4 132
4 134
4 139
4 140
4 142
4 146
4 148
4 156
4 159
4 160
4 161
4 162
4 168
4 174
4 176
4 179
4 181
4 185
4 189
4 192
4 199
5 15
5 16
5 20
5 21
5 22
5 23
5 24
5 30
5 31
5 42
5 51
5 54
5 55
5 59
5 62
5 63
5 67
5 70
5 73
5 77
5 78
5 81
5 82
5 83
5 87
5 89
5 94
5 95
5 101
5 102
5 104
5 106
5 109
5 110
5 113
5 115
5 118
5 121
5 123
5 124
5 125
5 127
5 135
5 137
5 140
5 141
5 146
5 147
5 151
5 158
5 159
5 166
5 167
5 168
5 171
5 173
5 177
5 180
5 181
5 185
5 188
5 189
5 197
5 199
6 8
6 13
6 14
6 21
6 28
6 31
6 35
6 37
6 38
6 39
6 41
6 43
6 51
6 52
6 53
6 61
6 63
6 65
6 68
6 69
6 85
6 88
6 91
6 94
6 95
6 98
6 105
6 108
6 112
6 114
6 117
6 120
6 123
6 127
6 129
6 133
6 135
6 146
6 151
6 157
6 160
6 170
6 174
6 176
6 179
6 181
6 186
6 188
6 190
6 196
6 197
7 9
7 11
7 14
7 18
7 23
7 24
7 26
7 30
7 33
7 38
7 45
7 46
7 48
7 53
7 54
7 59
7 62
7 66
7 68
7 69
7 74
7 76
7 77
7 80
7 82
7 83
7 85
7 87
7 89
7 90
7 93
7 98
7 107
7 109
7 114
7 115
7 117
7 127
7 128
7 140
7 142
7 149
7 151
7 152
7 158
7 162
7 163
7 166
7 167
7 168
7 175
7 178
7 187
7 195
7 199
8 10
8 13
8 18
8 20
8 23
8 25
8 27
8 29
8 32
8 38
8 39
8 43
8 46
8 53
8 55
8 59
8 69
8 70
8 82
8 84
8 86
8 97
8 100
8 104
8 106
8 107
8 111
8 113
8 117
8 120
8 121
8 128
8 129
8 136
8 139
8 142
8 143
8 147
8 148
8 149
8 150
8 151
8 155
8 156
8 165
8 167
8 174
8 175
8 181
8 182
8 184
8 186
8 188
8 196
8 198
8 199
9 14
9 15
9 18
9 25
9 28
9 32
9 35
9 39
9 45
9 49
9 53
9 54
9 55
9 57
9 58
9 59
9 61
9 63
9 77
9 78
9 80
9 82
9 87
9 88
9 96
9 99
9 101
9 112
9 114
9 115
9 117
9 123
9 131
9 134
9 138
9 140
9 142
9 146
9 153
9 154
9 156
9 160
9 161
9 162
9 166
9 167
9 168
9 170
9 171
9 172
9 176
9 179
9 180
9 182
9 183
9 190
9 192
10 11
10 17
10 18
10 24
10 25
10 27
10 32
10 36
10 38
10 40
10 41
10 42
10 50
10 55
10 56
10 58
10 59
10 60
10 62
10 66
10 72
10 75
10 78
10 79
10 80
10 82
10 83
10 84
10 88
10 95
10 101
10 102
10 105
10 106
10 119
10 120
10 121
10 122
10 123
10 127
10 132
10 133
10 135
10 138
10 139
10 143
10 144
10 145
10 146
10 148
10 151
10 165
10 172
10 178
10 179
10 181
10 185
10 190
10 196
10 197
11 12
11 22
11 23
11 32
11 40
11 42
11 44
11 46
11 47
11 50
11 54
11 56
11 58
11 60
11 63
11 64
11 71
11 73
11 80
11 83
11 85
11 86
11 87
11 88
11 94
11 97
11 100
11 101
11 103
11 105
11 110
11 113
11 114
11 122
11 129
11 130
11 133
11 135
11 139
11 146
11 150
11 151
11 152
11 157
11 164
11 168
11 169
11 173
11 174
11 180
11 181
11 184
11 187
11 188
11 189
11 191
11 194
11 195
11 196
11 198
11 199
12 14
12 19
12 23
12 25
12 28
12 35
12 37
12 48
12 56
12 59
12 66
12 83
12 91
12 95
12 96
12 98
12 99
12 100
12 103
12 104
12 107
12 118
12 121
12 123
12 124
12 125
12 127
12 139
12 146
12 147
12 148
12 158
12 161
12 165
12 168
12 170
12 171
12 172
12 173
12 175
12 182
12 186
12 191
12 193
12 194
12 196
12 197
12 198
13 17
13 21
13 22
13 27
13 30
13 31
13 32
13 33
13 40
13 43
13 47
13 50
13 51
13 53
13 56
13 57
13 59
13 60
13 64
13 69
13 75
13 77
13 81
13 85
13 87
13 88
13 89
13 90
13 94
13 97
13 103
13 105
13 111
13 114
13 116
13 118
13 119
13 122
13 125
13 132
13 133
13 136
13 138
13 140
13 143
13 147
13 149
13 154
13 155
13 156
13 158
13 159
13 161
13 163
13 167
13 173
13 177
13 180
13 181
13 182
13 184
13 189
13 192
13 193
13 197
13 199
14 18
14 20
14 23
14 30
14 36
14 37
14 42
14 57
14 62
14 63
14 64
14 70
14 71
14 77
14 81
14 84
14 86
14 91
14 92
14 93
14 94
14 96
14 103
14 107
14 115
14 118
14 122
14 128
14 130
14 134
14 136
14 141
14 152
14 154
14 155
14 158
14 165
14 166
14 167
14 173
14 176
14 177
14 183
14 193
14 197
15 22
15 23
15 27
15 30
15 36
15 38
15 40
15 43
15 45
15 48
15 49
15 51
15 58
15 59
15 60
15 61
15 62
15 66
15 74
15 77
15 81
15 85
15 89
15 92
15 97
15 102
15 108
15 109
15 110
15 112
15 113
15 114
15 116
15 119
15 121
15 124
15 125
15 127
15 128
15 134
15 139
15 140
15 144
15 150
15 153
15 154
15 158
15 177
15 179
15 180
15 182
15 184
15 185
15 190
16 17
16 22
16 25
16 31
16 34
16 42
16 43
16 50
16 52
16 56
16 58
16 59
16 62
16 63
16 66
16 71
16 77
16 78
16 79
16 83
16 88
16 91
16 93
16 96
16 99
16 101
16 103
16 104
16 105
16 106
16 108
16 110
16 111
16 116
16 118
16 119
16 123
16 127
16 128
16 133
16 136
16 137
16 141
16 143
16 146
16 147
16 150
16 153
16 158
16 163
16 166
16 170
16 171
16 176
16 180
16 181
16 183
16 184
16 185
16 189
16 191
16 195
16 196
16 199
17 22
17 23
17 24
17 26
17 28
17 31
17 32
17 34
17 35
17 36
17 40
17 44
17 48
17 49
17 50
17 51
17 55
17 56
17 57
17 58
17 60
17 61
17 66
17 71
17 73
17 79
17 82
17 88
17 89
17 93
17 94
17 95
17 99
17 100
17 102
17 108
17 111
17 113
17 114
17 115
17 118
17 120
17 124
17 125
17 126
17 134
17 135
17 138
17 145
17 150
17 152
17 158
17 160
17 162
17 174
17 178
17 179
17 184
17 185
17 186
17 196
18 21
18 23
18 27
18 28
18 29
18 30
18 34
18 37
18 39
18 40
18 45
18 50
18 51
18 54
18 56
18 58
18 59
18 62
18 65
18 66
18 70
18 72
18 97
18 98
18 99
18 102
18 108
18 110
18 111
18 114
18 115
18 119
18 120
18 122
18 124
18 126
18 127
18 130
18 131
18 132
18 135
18 141
18 142
18 149
18 151
18 152
18 154
18 155
18 156
18 159
18 161
18 172
18 173
18 177
18 178
18 181
18 189
18 191
18 192
19 21
19 22
19 30
19 32
19 33
19 35
19 38
19 39
19 48
19 51
19 52
19 54
19 55
19 62
19 65
19 76
19 77
19 80
19 81
19 87
19 90
19 103
19 106
19 107
19 109
19 110
19 112
19 129
19 133
19 145
19 151
19 155
19 161
19 164
19 167
19 174
19 179
19 189
19 190
19 192
19 194
19 195
20 22
20 28
20 29
20 32
20 34
20 41
20 43
20 48
20 52
20 58
20 59
20 60
20 62
20 66
20 68
20 73
20 75
20 76
20 84
20 86
20 91
20 99
20 100
20 102
20 107
20 111
20 113
20 115
20 118
20 119
20 121
20 126
20 128
20 132
20 138
20 143
20 146
20 147
20 153
20 159
20 160
20 171
20 174
20 175
20 176
20 178
20 179
20 182
20 187
20 190
21 28
21 30
21 31
21 32
21 46
21 49
21 51
21 56
21 58
21 66
21 68
21 69
21 70
21 75
21 78
21 85
21 87
21 95
21 98
21 101
21 109
21 110
21 113
21 115
21 117
21 118
21 119
21 122
21 124
21 129
21 133
21 137
21 141
21 145
21 146
21 150
21 158
21 159
21 162
21 163
21 170
21 173
21 181
21 184
21 185
21 188
21 189
21 191
21 196
21 198
22 24
22 34
22 42
22 43
22 47
22 48
22 49
22 52
22 55
22 58
22 59
22 64
22 73
22 78
22 79
22 80
22 83
22 84
22 86
22 89
22 90
22 91
22 93
22 96
22 97
22 101
22 102
22 103
22 108
22 116
22 118
22 120
22 124
22 125
22 135
22 136
22 138
22 143
22 144
22 146
22 153
22 157
22 158
22 164
22 171
22 176
22 177
22 183
22 187
22 189
22 192
22 195
22 196
23 28
23 31
23 32
23 33
23 37
23 38
23 41
23 44
23 46
23 53
23 55
23 57
23 59
23 66
23 70
23 75
23 79
23 80
23 82
23 86
23 93
23 99
23 102
23 104
23 115
23 117
23 126
23 127
23 130
23 132
23 133
23 140
23 142
23 144
23 145
23 147
23 151
23 152
23 153
23 156
23 157
23 159
23 160
23 161
23 162
23 163
23 164
23 169
23 173
23 175
23 182
23 184
23 186
23 191
23 193
23 198
24 27
24 29
24 31
24 33
24 35
24 39
24 41
24 42
24 43
24 45
24 46
24 50
24 51
24 53
24 55
24 59
24 61
24 64
24 73
24 81
24 83
24 84
24 92
24 93
24 99
24 100
24 103
24 107
24 109
24 114
24 115
24 117
24 118
24 122
24 126
24 131
24 132
24 139
24 141
24 142
24 148
24 152
24 153
24 162
24 166
24 170
24 174
24 176
24 177
24 184
24 191
24 192
24 195
24 196
24 199
25 26
25 29
25 30
25 35
25 38
25 41
25 42
25 43
25 44
25 48
25 52
25 53
25 55
25 64
25 66
25 67
25 70
25 79
25 81
25 83
25 86
25 88
25 93
25 100
25 102
25 104
25 106
25 109
25 118
25 120
25 124
25 125
25 131
25 133
25 135
25 137
25 139
25 142
25 145
25 146
25 148
25 149
25 150
25 153
25 156
25 157
25 163
25 168
25 172
25 174
25 175
25 176
25 178
25 180
25 181
25 183
25 190
25 193
25 194
25 195
26 29
26 35
26 39
26 40
26 42
26 43
26 49
26 56
26 61
26 65
26 78
26 82
26 83
26 84
26 85
26 87
26 88
26 89
26 92
26 95
26 97
26 99
26 101
26 104
26 108
26 109
26 113
26 118
26 119
26 120
26 122
26 127
26 134
26 136
26 146
26 148
26 149
26 152
26 153
26 154
26 156
26 157
26 158
26 161
26 163
26 166
26 167
26 169
26 170
26 173
26 177
26 182
26 187
26 196
27 30
27 34
27 36
27 44
27 47
27 48
27 50
27 51
27 55
27 56
27 58
27 60
27 63
27 65
27 71
27 72
27 75
27 76
27 77
27 83
27 84
27 85
27 89
27 93
27 95
27 98
27 100
27 102
27 108
27 117
27 122
27 126
27 127
27 131
27 133
27 134
27 137
27 139
27 140
27 141
27 143
27 145
27 146
27 147
27 154
27 167
27 169
27 175
27 181
27 183
27 186
27 190
27 191
27 193
27 196
28 33
28 40
28 41
28 42
28 51
28 52
28 57
28 60
28 64
28 67
28 72
28 75
28 80
28 82
28 83
28 87
28 94
28 98
28 106
28 111
28 115
28 127
28 130
28 131
28 132
28 135
28 142
28 143
28 147
28 148
28 149
28 157
28 163
28 164
28 165
28 166
28 169
28 175
28 177
28 183
28 187
28 197
28 198
29 30
29 32
29 34
29 39
29 40
29 46
29 51
29 53
29 58
29 62
29 63
29 64
29 66
29 71
29 76
29 80
29 81
29 87
29 88
29 95
29 96
29 100
29 101
29 107
29 108
29 111
29 113
29 115
29 117
29 119
29 122
29 123
29 126
29 127
29 128
29 129
29 139
29 140
29 141
29 142
29 146
29 148
29 151
29 154
29 155
29 157
29 160
29 161
29 167
29 176
29 177
29 179
29 180
29 183
29 190
29 193
30 36
30 37
30 39
30 40
30 41
30 43
30 48
30 52
30 60
30 63
30 65
30 66
30 71
30 80
30 84
30 88
30 90
30 91
30 92
30 94
30 103
30 104
30 110
30 112
30 124
30 139
30 140
30 141
30 143
30 144
30 145
30 147
30 149
30 158
30 159
30 161
30 169
30 174
30 175
30 181
30 182
30 183
30 185
30 189
30 190
31 32
31 40
31 41
31 42
31 45
31 46
31 48
31 49
31 51
31 52
31 56
31 59
31 60
31 61
31 69
31 76
31 80
31 81
31 88
31 89
31 94
31 98
31 103
31 104
31 105
31 109
31 112
31 114
31 115
31 116
31 123
31 126
31 129
31 131
31 133
31 134
31 135
31 138
31 139
31 143
31 148
31 149
31 157
31 158
31 160
31 161
31 162
31 163
31 164
31 170
31 172
31 179
31 183
31 185
31 186
31 188
31 193
31 199
32 34
32 35
32 36
32 39
32 48
32 54
32 56
32 58
32 60
32 63
32 67
32 68
32 71
32 72
32 75
32 79
32 81
32 84
32 89
32 91
32 99
32 103
32 105
32 106
32 107
32 111
32 125
32 127
32 128
32 129
32 138
32 147
32 152
32 153
32 154
32 158
32 160
32 165
32 168
32 169
32 171
32 172
32 177
32 179
32 181
32 184
32 186
32 188
32 190
32 192
32 197
33 34
33 38
33 39
33 43
33 46
33 47
33 53
33 57
33 66
33 72
33 75
33 82
33 88
33 95
33 97
33 98
33 102
33 103
33 104
33 105
33 106
33 111
33 117
33 119
33 120
33 121
33 124
33 134
33 136
33 138
33 146
33 152
33 154
33 155
33 158
33 164
33 166
33 170
33 171
33 177
33 178
33 181
33 182
33 184
33 187
33 188
33 196
33 198
34 39
34 40
34 42
34 48
34 49
34 51
34 53
34 56
34 65
34 78
34 80
34 81
34 87
34 92
34 94
34 102
34 105
34 115
34 117
34 118
34 121
34 122
34 126
34 133
34 138
34 145
34 148
34 153
34 158
34 162
34 168
34 176
34 178
34 184
34 186
34 188
34 189
34 190
34 194
34 199
35 38
35 41
35 49
35 55
35 56
35 57
35 70
35 71
35 74
35 75
35 78
35 79
35 80
35 81
35 83
35 87
35 88
35 89
35 90
35 92
35 93
35 96
35 97
35 98
35 104
35 111
35 113
35 115
35 122
35 124
35 125
35 126
35 129
35 134
35 136
35 140
35 141
35 142
35 143
35 145
35 147
35 149
35 150
35 154
35 160
35 163
35 165
35 168
35 169
35 170
35 173
35 174
35 176
35 185
35 186
35 187
35 192
35 194
35 196
35 197
36 46
36 49
36 51
36 53
36 59
36 60
36 63
36 64
36 65
36 67
36 68
36 76
36 79
36 81
36 84
36 89
36 92
36 96
36 100
36 103
36 106
36 107
36 111
36 114
36 116
36 120
36 125
36 131
36 137
36 141
36 142
36 148
36 155
36 157
36 164
36 169
36 170
36 171
36 172
36 174
36 175
36 186
36 188
36 190
36 197
37 38
37 47
37 50
37 51
37 57
37 58
37 61
37 64
37 68
37 69
37 73
37 75
37 76
37 79
37 80
37 86
37 87
37 89
37 95
37 97
37 100
37 102
37 103
37 105
37 106
37 109
37 112
37 117
37 120
37 121
37 122
37 129
37 130
37 136
37 139
37 143
37 144
37 150
37 152
37 154
37 156
37 158
37 160
37 169
37 171
37 173
37 175
37 179
37 183
37 186
37 187
37 190
37 192
37 195
37 199
38 39
38 41
38 43
38 45
38 48
38 51
38 54
38 55
38 59
38 61
38 63
38 71
38 74
38 75
38 77
38 81
38 85
38 90
38 92
38 98
38 99
38 104
38 112
38 119
38 120
38 123
38 126
38 128
38 133
38 140
38 145
38 151
38 160
38 163
38 167
38 170
38 172
38 175
38 176
38 179
38 181
38 182
38 186
38 187
38 189
38 191
38 193
38 197
38 199
39 42
39 47
39 53
39 54
39 62
39 64
39 65
39 67
39 68
39 69
39 70
39 72
39 78
39 83
39 85
39 92
39 99
39 109
39 110
39 112
39 114
39 115
39 118
39 119
39 120
39 122
39 126
39 132
39 138
39 139
39 145
39 147
39 152
39 153
39 159
39 160
39 162
39 165
39 169
39 173
39 180
39 182
39 188
39 192
40 48
40 61
40 62
40 68
40 70
40 74
40 75
40 78
40 80
40 82
40 85
40 89
40 90
40 92
40 99
40 100
40 103
40 107
40 109
40 110
40 114
40 116
40 124
40 127
40 129
40 133
40 134
40 135
40 136
40 143
40 149
40 151
40 158
40 160
40 161
40 162
40 164
40 168
40 174
40 176
40 180
40 183
40 185
40 188
40 189
40 190
40 191
40 192
40 197
41 43
41 47
41 48
41 51
41 59
41 60
41 61
41 66
41 70
41 81
41 82
41 86
41 87
41 88
41 92
41 95
41 97
41 101
41 104
41 112
41 113
41 114
41 121
41 125
41 131
41 132
41 134
41 138
41 144
41 146
41 154
41 155
41 156
41 157
41 160
41 161
41 169
41 171
41 175
41 178
41 180
41 194
41 199
42 47
42 51
42 53
42 56
42 57
42 60
42 63
42 66
42 69
42 70
42 71
42 72
42 74
42 76
42 86
42 92
42 94
42 95
42 100
42 102
42 105
42 110
42 111
42 112
42 114
42 116
42 118
42 119
42 120
42 127
42 130
42 132
42 134
42 135
42 136
42 141
42 142
42 149
42 156
42 157
42 163
42 164
42 166
42 167
42 169
42 175
42 176
42 178
42 179
42 183
42 186
42 187
42 191
42 194
42 195
42 196
43 47
43 50
43 52
43 58
43 59
43 61
43 62
43 64
43 65
43 70
43 72
43 73
43 75
43 80
43 82
43 84
43 85
43 93
43 96
43 97
43 98
43 104
43 105
43 112
43 114
43 116
43 122
43 125
43 130
43 133
43 136
43 137
43 139
43 150
43 154
43 162
43 164
43 166
43 172
43 175
43 176
43 177
43 178
43 180
43 182
43 183
43 186
43 188
43 189
43 190
43 199
44 51
44 56
44 61
44 62
44 67
44 68
44 74
44 76
44 80
44 83
44 84
44 88
44 90
44 95
44 96
44 98
44 100
44 103
44 111
44 114
44 117
44 118
44 119
44 123
44 132
44 135
44 136
44 138
44 142
44 144
44 146
44 148
44 149
44 150
44 151
44 154
44 156
44 158
44 162
44 163
44 165
44 167
44 168
44 169
44 173
44 177
44 181
44 182
44 183
44 197
44 199
45 46
45 51
45 52
45 55
45 63
45 66
45 67
45 71
45 74
45 76
45 77
45 80
45 82
45 83
45 86
45 88
45 92
45 113
45 115
45 118
45 121
45 122
45 125
45 132
45 133
45 135
45 137
45 138
45 142
45 143
45 147
45 156
45 157
45 159
45 160
45 168
45 169
45 171
45 172
45 173
45 177
45 179
45 192
45 196
46 50
46 62
46 65
46 77
46 78
46 80
46 83
46 84
46 89
46 90
46 96
46 97
46 100
46 104
46 107
46 112
46 117
46 119
46 120
46 123
46 128
46 129
46 131
46 132
46 136
46 139
46 140
46 142
46 146
46 147
46 150
46 151
46 154
46 160
46 161
46 167
46 170
46 174
46 175
46 178
46 184
46 187
46 194
46 197
47 49
47 51
47 56
47 61
47 62
47 63
47 65
47 66
47 75
47 76
47 77
47 81
47 85
47 86
47 89
47 90
47 93
47 105
47 110
47 113
47 116
47 123
47 125
47 133
47 140
47 143
47 151
47 152
47 153
47 154
47 155
47 156
47 157
47 161
47 164
47 171
47 172
47 174
47 175
47 178
47 179
47 182
47 186
47 189
47 191
47 193
47 195
47 199
48 49
48 52
48 54
48 57
48 62
48 65
48 67
48 68
48 76
48 78
48 82
48 83
48 87
48 90
48 93
48 94
48 97
48 99
48 101
48 103
48 106
48 107
48 109
48 115
48 119
48 124
48 125
48 126
48 128
48 135
48 145
48 153
48 155
48 156
48 159
48 162
48 166
48 167
48 170
48 173
48 184
48 185
48 188
48 190
48 192
49 50
49 64
49 74
49 76
49 80
49 81
49 85
49 86
49 88
49 91
49 92
49 93
49 97
49 99
49 105
49 109
49 113
49 123
49 128
49 130
49 137
49 140
49 143
49 144
49 145
49 150
49 152
49 153
49 155
49 158
49 162
49 163
49 164
49 167
49 169
49 170
49 171
49 173
49 176
49 182
49 184
49 186
49 187
49 189
49 191
49 193
49 197
50 55
50 56
50 58
50 59
50 60
50 61
50 72
50 73
50 83
50 89
50 92
50 97
50 98
50 103
50 112
50 119
50 126
50 130
50 133
50 135
50 140
50 146
50 147
50 148
50 155
50 157
50 160
50 162
50 169
50 170
50 171
50 176
50 177
50 179
50 186
50 188
50 189
50 192
50 193
50 194
50 197
51 57
51 60
51 61
51 62
51 64
51 70
51 72
51 77
51 80
51 85
51 88
51 90
51 92
51 96
51 99
51 103
51 105
51 107
51 110
51 113
51 126
51 127
51 129
51 130
51 132
51 133
51 134
51 136
51 142
51 151
51 163
51 164
51 168
51 169
51 171
51 172
51 173
51 174
51 177
51 178
51 187
51 188
51 189
51 191
51 192
51 195
51 197
51 199
52 54
52 56
52 57
52 58
52 59
52 66
52 68
52 76
52 78
52 88
52 92
52 95
52 98
52 104
52 110
52 111
52 118
52 121
52 123
52 124
52 129
52 139
52 141
52 149
52 156
52 158
52 159
52 161
52 167
52 170
52 173
52 176
52 181
52 186
52 187
52 188
52 190
52 191
52 195
52 197
53 55
53 64
53 66
53 68
53 71
53 77
53 86
53 91
53 93
53 94
53 98
53 99
53 103
53 106
53 107
53 110
53 111
53 113
53 114
53 116
53 118
53 123
53 125
53 126
53 130
53 132
53 144
53 148
53 149
53 153
53 155
53 156
53 157
53 171
53 174
53 180
53 182
53 183
53 184
53 185
53 195
54 55
54 56
54 61
54 65
54 68
54 71
54 73
54 77
54 80
54 82
54 88
54 89
54 90
54 94
54 103
54 104
54 111
54 114
54 117
54 120
54 121
54 125
54 130
54 132
54 134
54 142
54 143
54 145
54 147
54 148
54 151
54 152
54 157
54 158
54 159
54 162
54 176
54 181
54 188
54 190
54 192
54 194
54 197
54 199
55 61
55 63
55 66
55 67
55 68
55 73
55 79
55 90
55 92
55 93
55 95
55 99
55 100
55 104
55 105
55 107
55 110
55 112
55 115
55 119
55 121
55 124
55 125
55 129
55 131
55 135
55 139
55 142
55 144
55 150
55 154
55 159
55 162
55 163
55 168
55 183
55 185
55 189
55 190
55 194
56 59
56 62
56 65
56 69
56 73
56 75
56 78
56 89
56 90
56 94
56 99
56 100
56 103
56 110
56 111
56 115
56 116
56 117
56 118
56 123
56 125
56 126
56 127
56 128
56 135
56 136
56 139
56 140
56 144
56 154
56 155
56 159
56 160
56 168
56 171
56 176
56 177
56 179
56 180
56 183
56 187
56 189
56 192
56 193
56 196
56 197
56 199
57 59
57 60
57 62
57 63
57 64
57 72
57 73
57 74
57 75
57 76
57 79
57 80
57 81
57 82
57 83
57 85
57 86
57 87
57 92
57 93
57 96
57 99
57 102
57 103
57 106
57 108
57 112
57 117
57 121
57 125
57 132
57 135
57 136
57 137
57 143
57 146
57 149
57 151
57 154
57 158
57 159
57 160
57 162
57 170
57 171
57 173
57 175
57 176
57 178
57 179
57 185
57 187
57 188
57 199
58 61
58 62
58 71
58 72
58 75
58 76
58 87
58 88
58 92
58 94
58 102
58 108
58 112
58 114
58 119
58 120
58 122
58 125
58 126
58 129
58 135
58 136
58 139
58 142
58 143
58 146
58 148
58 149
58 155
58 156
58 159
58 164
58 165
58 171
58 172
58 174
58 178
58 179
58 183
58 184
58 190
58 194
58 195
58 197
58 199
59 60
59 64
59 66
59 67
59 69
59 75
59 79
59 87
59 88
59 94
59 99
59 108
59 120
59 126
59 128
59 142
59 146
59 148
59 149
59 155
59 156
59 158
59 159
59 169
59 171
59 174
59 175
59 182
59 183
59 186
59 188
59 193
59 194
60 62
60 63
60 72
60 73
60 76
60 83
60 84
60 88
60 90
60 93
60 95
60 97
60 101
60 105
60 108
60 109
60 111
60 116
60 122
60 124
60 125
60 126
60 138
60 140
60 141
60 153
60 155
60 159
60 160
60 162
60 169
60 172
60 173
60 174
60 186
60 187
60 189
60 190
60 199
61 64
61 66
61 67
61 75
61 81
61 86
61 89
61 93
61 95
61 97
61 98
61 100
61 108
61 113
61 119
61 128
61 129
61 133
61 135
61 137
61 139
61 140
61 142
61 145
61 150
61 151
61 152
61 153
61 156
61 158
61 160
61 161
61 163
61 177
61 178
61 179
61 180
61 181
61 183
61 185
61 186
61 192
61 194
61 198
62 63
62 64
62 67
62 70
62 72
62 74
62 78
62 83
62 88
62 89
62 90
62 91
62 98
62 102
62 121
62 126
62 134
62 135
62 137
62 138
62 139
62 141
62 142
62 143
62 146
62 152
62 159
62 164
62 167
62 177
62 178
62 180
62 184
62 185
62 186
62 189
62 193
62 197
62 198
63 64
63 68
63 78
63 80
63 83
63 84
63 90
63 92
63 94
63 99
63 101
63 103
63 104
63 105
63 109
63 115
63 128
63 133
63 134
63 136
63 138
63 142
63 144
63 145
63 148
63 150
63 152
63 154
63 158
63 164
63 167
63 175
63 177
63 178
63 184
63 192
63 193
64 72
64 75
64 77
64 80
64 83
64 85
64 87
64 88
64 91
64 100
64 101
64 103
64 104
64 109
64 112
64 116
64 127
64 128
64 132
64 133
64 138
64 141
64 145
64 146
64 149
64 155
64 156
64 157
64 161
64 162
64 164
64 166
64 167
64 168
64 173
64 178
64 179
64 186
64 197
64 199
65 69
65 75
65 76
65 82
65 84
65 86
65 87
65 88
65 89
65 91
65 94
65 98
65 101
65 104
65 106
65 109
65 110
65 111
65 112
65 113
65 122
65 128
65 129
65 132
65 135
65 142
65 143
65 144
65 145
65 146
65 149
65 150
65 151
65 153
65 158
65 159
65 160
65 161
65 162
65 164
65 166
65 174
65 176
65 179
65 180
65 181
65 184
65 187
65 188
65 190
65 191
65 198
65 199
66 68
66 69
66 71
66 74
66 75
66 90
66 92
66 93
66 96
66 97
66 100
66 101
66 102
66 103
66 104
66 106
66 107
66 110
66 111
66 119
66 121
66 122
66 124
66 125
66 128
66 129
66 130
66 131
66 133
66 135
66 143
66 144
66 145
66 146
66 150
66 151
66 152
66 155
66 159
66 161
66 165
66 166
66 176
66 179
66 184
66 186
66 191
66 192
66 193
66 199
67 69
67 71
67 73
67 74
67 76
67 82
67 83
67 95
67 97
67 98
67 99
67 101
67 108
67 110
67 113
67 114
67 116
67 117
67 118
67 122
67 130
67 139
67 143
67 144
67 145
67 146
67 147
67 149
67 151
67 153
67 157
67 158
67 160
67 161
67 162
67 164
67 166
67 168
67 172
67 174
67 176
67 178
67 179
67 182
67 187
67 188
67 196
68 71
68 72
68 77
68 79
68 82
68 85
68 100
68 101
68 107
68 109
68 113
68 114
68 120
68 121
68 125
68 126
68 139
68 141
68 142
68 143
68 144
68 154
68 159
68 160
68 163
68 164
68 168
68 169
68 172
68 176
68 182
68 189
68 190
68 192
68 194
68 197
68 198
69 75
69 77
69 85
69 87
69 92
69 94
69 95
69 97
69 101
69 107
69 111
69 116
69 121
69 123
69 125
69 134
69 137
69 138
69 141
69 144
69 145
69 150
69 155
69 157
69 158
69 160
69 162
69 163
69 165
69 166
69 168
69 169
69 171
69 173
69 174
69 177
69 179
69 180
69 182
69 184
69 188
69 198
70 73
70 78
70 81
70 82
70 83
70 84
70 92
70 94
70 98
70 101
70 102
70 104
70 108
70 111
70 112
70 113
70 116
70 121
70 122
70 124
70 135
70 136
70 141
70 151
70 160
70 162
70 163
70 166
70 169
70 170
70 181
70 182
70 185
70 187
70 188
70 189
70 192
70 194
70 196
71 72
71 73
71 81
71 85
71 89
71 91
71 98
71 101
71 103
71 104
71 110
71 111
71 116
71 120
71 122
71 124
71 129
71 138
71 139
71 140
71 141
71 143
71 144
71 149
71 150
71 155
71 157
71 169
71 174
71 175
71 177
71 178
71 179
71 180
71 185
71 186
71 189
71 193
71 195
71 199
72 73
72 78
72 80
72 81
72 87
72 96
72 98
72 99
72 100
72 101
72 104
72 105
72 107
72 109
72 110
72 114
72 117
72 118
72 119
72 121
72 123
72 124
72 125
72 127
72 134
72 136
72 137
72 141
72 147
72 153
72 154
72 157
72 160
72 161
72 162
72 171
72 174
72 179
72 185
72 192
72 195
72 196
72 199
73 74
73 75
73 76
73 88
73 89
73 94
73 97
73 114
73 122
73 123
73 125
73 133
73 136
73 140
73 146
73 148
73 149
73 150
73 151
73 154
73 156
73 163
73 164
73 168
73 170
73 171
73 177
73 184
73 185
73 193
73 196
74 76
74 79
74 81
74 87
74 89
74 90
74 94
74 97
74 99
74 103
74 104
74 105
74 106
74 107
74 109
74 112
74 114
74 117
74 119
74 122
74 124
74 125
74 126
74 129
74 132
74 138
74 139
74 144
74 153
74 155
74 157
74 160
74 161
74 164
74 165
74 168
74 171
74 172
74 174
74 175
74 176
74 180
74 181
74 183
74 187
74 189
74 195
74 196
75 77
75 80
75 89
75 90
75 91
75 94
75 95
75 103
75 105
75 106
75 112
75 113
75 114
75 119
75 120
75 126
75 133
75 134
75 137
75 138
75 141
75 145
75 148
75 150
75 153
75 154
75 156
75 162
75 163
75 164
75 170
75 171
75 177
75 180
75 184
75 185
75 186
75 187
75 192
75 196
76 77
76 80
76 82
76 83
76 86
76 88
76 96
76 97
76 101
76 110
76 114
76 115
76 120
76 122
76 132
76 134
76 135
76 136
76 140
76 141
76 143
76 148
76 152
76 155
76 157
76 165
76 176
76 177
76 179
76 182
76 186
76 189
76 192
76 195
76 196
76 197
76 198
77 78
77 82
77 84
77 94
77 100
77 101
77 108
77 110
77 112
77 115
77 118
77 122
77 123
77 125
77 126
77 133
77 139
77 140
77 143
77 148
77 151
77 154
77 156
77 167
77 168
77 172
77 174
77 177
77 180
77 183
77 185
77 189
77 190
77 194
78 79
78 81
78 88
78 92
78 93
78 96
78 97
78 98
78 102
78 104
78 112
78 114
78 116
78 117
78 121
78 122
78 131
78 132
78 134
78 135
78 142
78 155
78 156
78 159
78 163
78 167
78 169
78 171
78 173
78 174
78 180
78 184
78 186
78 188
78 189
78 193
78 194
78 197
78 198
79 80
79 82
79 83
79 84
79 85
79 86
79 88
79 89
79 90
79 95
79 96
79 103
79 104
79 106
79 110
79 114
79 115
79 122
79 124
79 125
79 126
79 128
79 129
79 131
79 135
79 136
79 139
79 142
79 144
79 147
79 154
79 155
79 158
79 162
79 166
79 170
79 172
79 173
79 174
79 175
79 177
79 190
79 191
79 193
79 195
79 196
79 199
80 85
80 87
80 93
80 96
80 99
80 102
80 109
80 111
80 114
80 117
80 118
80 120
80 124
80 126
80 133
80 135
80 136
80 141
80 143
80 144
80 145
80 149
80 153
80 156
80 158
80 160
80 161
80 172
80 174
80 178
80 180
80 183
80 185
80 188
80 189
80 192
80 193
80 195
80 198
81 86
81 88
81 91
81 95
81 102
81 104
81 107
81 110
81 111
81 112
81 113
81 116
81 120
81 125
81 133
81 141
81 142
81 143
81 145
81 147
81 160
81 161
81 171
81 172
81 179
81 182
81 190
81 196
82 91
82 93
82 94
82 96
82 98
82 100
82 101
82 105
82 108
82 122
82 132
82 137
82 141
82 143
82 146
82 156
82 160
82 162
82 169
82 176
82 178
82 187
82 188
82 193
83 84
83 86
83 87
83 88
83 89
83 91
83 92
83 99
83 101
83 102
83 109
83 112
83 115
83 118
83 122
83 128
83 129
83 135
83 137
83 138
83 141
83 143
83 145
83 149
83 150
83 153
83 157
83 160
83 165
83 167
83 168
83 172
83 174
83 175
83 178
83 179
83 180
83 183
83 185
83 186
83 189
83 190
83 191
83 193
83 196
83 198
84 87
84 89
84 100
84 101
84 105
84 107
84 110
84 114
84 115
84 116
84 117
84 118
84 119
84 126
84 127
84 132
84 138
84 139
84 142
84 143
84 149
84 150
84 157
84 163
84 172
84 177
84 184
84 188
84 189
84 190
84 192
84 199
85 88
85 100
85 103
85 104
85 105
85 108
85 111
85 112
85 113
85 115
85 116
85 122
85 123
85 127
85 128
85 129
85 131
85 134
85 135
85 137
85 138
85 139
85 142
85 146
85 156
85 157
85 162
85 164
85 167
85 168
85 169
85 170
85 172
85 173
85 174
85 177
85 182
85 186
85 189
85 190
85 196
86 87
86 88
86 89
86 92
86 97
86 98
86 101
86 105
86 115
86 120
86 134
86 135
86 145
86 147
86 149
86 151
86 152
86 154
86 155
86 157
86 158
86 159
86 164
86 170
86 175
86 177
86 178
86 184
87 93
87 94
87 98
87 99
87 101
87 105
87 106
87 108
87 111
87 112
87 113
87 115
87 119
87 129
87 132
87 134
87 135
87 137
87 141
87 143
87 150
87 152
87 158
87 159
87 164
87 166
87 167
87 168
87 169
87 170
87 173
87 178
87 180
87 183
87 185
87 187
87 190
87 197
87 199
88 93
88 94
88 95
88 102
88 103
88 110
88 111
88 112
88 113
88 118
88 125
88 126
88 132
88 133
88 134
88 139
88 140
88 143
88 146
88 148
88 150
88 154
88 155
88 157
88 158
88 161
88 167
88 168
88 171
88 172
88 173
88 174
88 175
88 178
88 179
88 182
88 190
88 192
88 193
88 197
89 90
89 93
89 94
89 97
89 99
89 102
89 109
89 111
89 112
89 113
89 114
89 117
89 118
89 124
89 128
89 129
89 130
89 133
89 142
89 144
89 145
89 146
89 149
89 153
89 154
89 160
89 163
89 164
89 167
89 168
89 169
89 175
89 177
89 178
89 179
89 184
89 187
89 188
89 191
89 192
89 194
89 198
90 102
90 104
90 106
90 111
90 112
90 116
90 117
90 119
90 120
90 121
90 123
90 129
90 130
90 131
90 136
90 138
90 140
90 143
90 155
90 158
90 160
90 166
90 175
90 176
90 189
90 191
90 192
90 195
90 199
91 98
91 101
91 106
91 111
91 114
91 115
91 125
91 129
91 131
91 135
91 144
91 148
91 153
91 154
91 157
91 158
91 160
91 164
91 166
91 168
91 178
91 179
91 182
91 183
91 185
91 186
91 189
91 193
91 194
92 100
92 101
92 104
92 106
92 108
92 112
92 113
92 119
92 120
92 126
92 131
92 132
92 146
92 150
92 157
92 160
92 167
92 172
92 175
92 177
92 179
92 180
92 181
92 184
92 186
92 187
92 189
92 192
92 196
92 199
93 95
93 98
93 99
93 104
93 106
93 109
93 110
93 111
93 112
93 119
93 120
93 123
93 124
93 128
93 131
93 133
93 138
93 142
93 149
93 157
93 168
93 171
93 172
93 173
93 176
93 178
93 179
93 187
93 193
93 196
93 199
94 99
94 104
94 106
94 107
94 108
94 114
94 117
94 123
94 124
94 126
94 130
94 131
94 138
94 142
94 146
94 150
94 151
94 152
94 155
94 156
94 162
94 165
94 168
94 169
94 175
94 176
94 177
94 183
94 185
94 188
94 190
94 192
94 197
95 98
95 103
95 105
95 108
95 110
95 116
95 118
95 122
95 123
95 124
95 126
95 132
95 135
95 138
95 139
95 140
95 143
95 148
95 152
95 153
95 158
95 160
95 163
95 164
95 173
95 174
95 178
95 179
95 180
95 181
95 187
95 190
95 193
95 194
95 196
95 197
96 103
96 110
96 113
96 114
96 117
96 119
96 122
96 123
96 126
96 132
96 134
96 137
96 139
96 144
96 147
96 149
96 153
96 155
96 163
96 166
96 169
96 173
96 174
96 175
96 180
96 187
96 190
96 192
96 193
96 195
96 198
97 99
97 102
97 104
97 105
97 107
97 110
97 115
97 118
97 123
97 124
97 125
97 127
97 130
97 133
97 134
97 135
97 136
97 141
97 143
97 144
97 152
97 155
97 161
97 162
97 168
97 179
97 182
97 185
97 186
97 188
97 192
97 195
97 198
98 100
98 103
98 104
98 105
98 106
98 107
98 109
98 115
98 116
98 117
98 123
98 126
98 127
98 134
98 137
98 150
98 151
98 165
98 166
98 168
98 170
98 172
98 173
98 174
98 182
98 183
98 185
98 189
98 194
98 197
98 198
99 102
99 108
99 116
99 118
99 120
99 124
99 127
99 135
99 136
99 139
99 142
99 143
99 150
99 155
99 159
99 162
99 163
99 165
99 172
99 173
99 174
99 177
99 181
99 184
99 186
99 190
99 192
99 197
99 199
100 101
100 104
100 106
100 107
100 108
100 112
100 123
100 126
100 127
100 130
100 131
100 133
100 134
100 138
100 140
100 142
100 143
100 146
100 148
100 154
100 156
100 157
100 158
100 159
100 163
100 167
100 168
100 172
100 173
100 174
100 177
100 181
100 186
100 187
100 199
101 108
101 113
101 114
101 116
101 118
101 119
101 122
101 123
101 127
101 129
101 134
101 139
101 141
101 144
101 145
101 148
101 149
101 155
101 156
101 164
101 166
101 172
101 174
101 177
101 183
101 186
101 190
101 191
101 193
101 196
101 197
101 199
102 103
102 110
102 113
102 120
102 122
102 123
102 125
102 126
102 127
102 129
102 131
102 139
102 146
102 150
102 154
102 155
102 157
102 159
102 160
102 162
102 169
102 170
102 174
102 178
102 179
102 180
102 181
102 183
102 190
102 191
102 192
102 193
102 196
103 104
103 105
103 107
103 112
103 114
103 116
103 118
103 122
103 128
103 135
103 137
103 143
103 144
103 146
103 147
103 149
103 150
103 151
103 152
103 154
103 156
103 168
103 173
103 176
103 179
103 180
103 181
103 184
103 186
103 188
103 192
103 193
103 195
104 110
104 112
104 114
104 119
104 127
104 130
104 132
104 133
104 136
104 139
104 143
104 145
104 146
104 148
104 149
104 152
104 154
104 156
104 159
104 173
104 182
104 188
104 190
104 192
104 195
104 197
104 198
105 107
105 110
105 119
105 125
105 127
105 130
105 134
105 150
105 151
105 153
105 154
105 155
105 158
105 160
105 163
105 164
105 167
105 176
105 178
105 179
105 182
105 186
105 196
105 199
106 110
106 114
106 118
106 121
106 122
106 123
106 124
106 127
106 130
106 132
106 134
106 136
106 141
106 145
106 146
106 148
106 150
106 153
106 158
106 159
106 163
106 166
106 172
106 174
106 180
106 181
106 187
106 188
106 193
106 196
107 110
107 111
107 113
107 118
107 123
107 128
107 130
107 134
107 138
107 140
107 144
107 146
107 150
107 151
107 155
107 156
107 163
107 174
107 175
107 181
107 182
107 184
107 188
107 192
107 196
107 197
108 111
108 112
108 113
108 116
108 117
108 123
108 124
108 125
108 126
108 129
108 135
108 147
108 150
108 154
108 156
108 161
108 164
108 168
108 171
108 172
108 173
108 175
108 178
108 181
108 183
108 189
108 193
108 194
108 196
108 197
109 113
109 118
109 119
109 122
109 123
109 127
109 131
109 134
109 135
109 141
109 145
109 146
109 148
109 149
109 150
109 151
109 154
109 160
109 169
109 170
109 172
109 178
109 188
109 192
109 197
110 113
110 116
110 124
110 127
110 131
110 137
110 139
110 141
110 146
110 150
110 151
110 155
110 158
110 162
110 164
110 168
110 170
110 172
110 175
110 179
110 181
110 187
110 191
111 112
111 117
111 122
111 123
111 125
111 126
111 129
111 130
111 132
111 137
111 138
111 142
111 146
111 148
111 154
111 155
111 156
111 157
111 158
111 161
111 162
111 165
111 171
111 172
111 176
111 185
111 187
111 190
111 191
111 194
111 195
112 114
112 117
112 129
112 130
112 133
112 134
112 138
112 141
112 144
112 147
112 148
112 149
112 151
112 167
112 169
112 170
112 175
112 178
112 189
113 117
113 118
113 125
113 127
113 131
113 133
113 139
113 142
113 143
113 149
113 150
113 153
113 154
113 158
113 163
113 164
113 168
113 171
113 175
113 177
113 178
113 181
113 183
113 185
113 188
113 193
113 194
113 196
113 197
114 117
114 118
114 119
114 120
114 125
114 126
114 128
114 133
114 134
114 137
114 139
114 142
114 143
114 144
114 145
114 146
114 147
114 148
114 152
114 153
114 157
114 165
114 166
114 168
114 184
114 192
114 194
114 196
114 198
115 120
115 121
115 122
115 124
115 125
115 126
115 128
115 129
115 133
115 135
115 144
115 146
115 152
115 157
115 160
115 163
115 165
115 166
115 169
115 171
115 175
115 177
115 180
115 182
115 184
115 188
115 189
115 190
115 191
115 192
116 128
116 131
116 140
116 144
116 145
116 150
116 156
116 162
116 166
116 169
116 170
116 174
116 178
116 180
116 181
116 185
116 189
116 190
116 191
116 199
117 121
117 122
117 124
117 126
117 127
117 128
117 129
117 130
117 134
117 137
117 139
117 141
117 145
117 153
117 155
117 157
117 159
117 160
117 161
117 163
117 167
117 170
117 174
117 177
117 193
117 197
118 119
118 127
118 128
118 133
118 135
118 137
118 139
118 142
118 143
118 144
118 148
118 153
118 157
118 164
118 166
118 167
118 171
118 173
118 180
118 187
118 191
118 192
118 199
119 129
119 130
119 133
119 134
119 138
119 139
119 146
119 148
119 150
119 151
119 157
119 160
119 162
119 166
119 169
119 171
119 172
119 173
119 174
119 176
119 178
119 179
119 180
119 182
119 183
119 186
119 188
119 191
119 192
119 195
119 196
119 199
120 121
120 122
120 123
120 125
120 135
120 138
120 143
120 144
120 148
120 150
120 153
120 158
120 159
120 164
120 165
120 172
120 174
120 178
120 179
120 180
120 181
120 183
120 185
120 186
120 189
120 191
121 122
121 124
121 129
121 130
121 134
121 135
121 137
121 138
121 141
121 143
121 144
121 147
121 148
121 149
121 152
121 154
121 156
121 158
121 160
121 164
121 168
121 171
121 174
121 177
121 180
121 181
121 184
121 185
121 193
121 196
121 197
122 125
122 127
122 128
122 129
122 131
122 133
122 142
122 149
122 150
122 152
122 153
122 159
122 160
122 161
122 162
122 169
122 172
122 175
122 177
122 180
122 181
122 187
122 191
122 192
122 194
122 197
123 124
123 126
123 127
123 128
123 132
123 136
123 137
123 139
123 140
123 144
123 148
123 153
123 154
123 155
123 159
123 161
123 162
123 164
123 169
123 173
123 175
123 177
123 180
123 183
123 184
123 190
123 196
124 125
124 128
124 129
124 131
124 149
124 152
124 154
124 157
124 158
124 160
124 161
124 162
124 163
124 164
124 167
124 168
124 170
124 172
124 173
124 174
124 175
124 177
124 181
124 182
124 184
124 188
124 192
124 198
125 127
125 130
125 131
125 135
125 136
125 139
125 142
125 143
125 144
125 146
125 150
125 157
125 161
125 162
125 164
125 168
125 169
125 175
125 177
125 178
125 183
125 186
125 197
126 127
126 129
126 130
126 134
126 136
126 140
126 143
126 144
126 148
126 157
126 159
126 163
126 164
126 165
126 166
126 169
126 170
126 174
126 177
126 178
126 181
126 183
126 189
126 196
127 135
127 140
127 144
127 152
127 153
127 161
127 163
127 166
127 179
127 184
127 188
127 189
127 191
127 193
127 199
128 131
128 132
128 133
128 136
128 137
128 145
128 156
128 160
128 162
128 166
128 168
128 178
129 130
129 132
129 138
129 143
129 144
129 148
129 150
129 153
129 156
129 157
129 158
129 159
129 160
129 172
129 176
129 177
129 179
129 183
129 185
129 192
129 194
129 197
129 199
130 131
130 134
130 139
130 140
130 141
130 142
130 143
130 148
130 149
130 151
130 156
130 161
130 166
130 167
130 176
130 179
130 187
130 191
130 196
131 134
131 137
131 141
131 146
131 158
131 160
131 163
131 166
131 171
131 172
131 180
131 181
131 184
131 187
131 188
131 190
131 192
131 194
132 133
132 150
132 151
132 159
132 165
132 166
132 167
132 169
132 170
132 176
132 188
132 190
132 199
133 136
133 138
133 140
133 149
133 150
133 153
133 154
133 159
133 166
133 167
133 168
133 174
133 175
133 176
133 178
133 181
133 182
133 184
133 185
133 188
133 190
133 197
134 138
134 140
134 141
134 142
134 144
134 147
134 148
134 149
134 151
134 153
134 160
134 163
134 169
134 171
134 174
134 176
134 177
134 179
134 181
134 182
134 183
134 185
134 188
134 189
134 197
134 198
135 137
135 141
135 143
135 144
135 145
135 150
135 152
135 153
135 173
135 177
135 181
135 184
135 187
135 189
135 190
135 192
135 196
136 137
136 138
136 142
136 145
136 156
136 159
136 161
136 162
136 163
136 170
136 173
136 174
136 177
136 178
136 179
136 182
136 183
136 185
136 187
136 188
136 197
136 198
136 199
137 140
137 142
137 146
137 150
137 151
137 158
137 159
137 161
137 167
137 171
137 175
137 188
137 189
137 191
137 195
137 196
138 140
138 141
138 145
138 146
138 149
138 151
138 153
138 155
138 156
138 160
138 164
138 165
138 174
138 175
138 176
138 182
138 185
138 186
138 187
138 188
138 190
138 196
138 197
138 198
139 143
139 145
139 146
139 149
139 152
139 153
139 157
139 161
139 173
139 175
139 177
139 180
139 182
139 192
139 193
139 194
139 196
139 198
139 199
140 142
140 146
140 149
140 152
140 153
140 155
140 158
140 159
140 165
140 169
140 173
140 176
140 178
140 179
140 186
140 188
140 191
140 192
141 142
141 148
141 150
141 151
141 155
141 157
141 162
141 171
141 172
141 173
141 175
141 176
141 181
141 183
141 185
141 187
141 189
141 190
141 192
142 143
142 144
142 145
142 155
142 158
142 160
142 162
142 170
142 174
142 175
142 178
142 180
142 184
142 185
142 191
142 192
142 197
143 147
143 149
143 151
143 152
143 153
143 154
143 159
143 161
143 162
143 163
143 165
143 172
143 174
143 179
143 183
143 194
143 195
143 199
144 148
144 149
144 156
144 157
144 165
144 173
144 175
144 179
144 182
144 188
144 199
145 147
145 150
145 152
145 155
145 161
145 165
145 177
145 178
145 181
145 187
145 192
145 196
145 198
146 149
146 152
146 155
146 156
146 163
146 172
146 174
146 175
146 180
146 181
146 182
146 184
146 185
146 187
146 188
146 194
147 154
147 156
147 157
147 160
147 164
147 170
147 173
147 177
147 179
147 187
147 194
147 195
148 152
148 162
148 184
148 185
148 188
148 190
148 192
148 199
149 153
149 157
149 160
149 162
149 163
149 170
149 176
149 177
149 178
149 180
149 188
149 189
149 193
149 198
150 151
150 156
150 157
150 161
150 163
150 167
150 169
150 170
150 173
150 181
150 183
150 188
150 189
150 196
150 198
151 158
151 160
151 162
151 163
151 164
151 165
151 168
151 180
151 181
151 185
151 187
151 188
151 190
151 192
151 198
151 199
152 155
152 156
152 157
152 159
152 160
152 161
152 163
152 167
152 169
152 170
152 173
152 178
152 179
152 186
152 188
152 193
152 197
152 198
153 154
153 158
153 159
153 161
153 163
153 164
153 172
153 177
153 179
153 181
153 187
153 189
154 156
154 157
154 158
154 159
154 160
154 166
154 167
154 168
154 173
154 177
154 184
154 186
154 187
154 188
154 190
154 191
154 199
155 156
155 158
155 161
155 166
155 172
155 173
155 176
155 179
155 181
155 182
155 183
155 186
155 191
155 192
155 194
155 196
155 198
156 157
156 159
156 163
156 165
156 170
156 172
156 173
156 177
156 179
156 181
156 184
156 185
156 187
156 189
156 192
156 194
156 196
157 160
157 162
157 171
157 178
157 179
157 180
157 185
157 189
157 191
157 193
157 194
157 196
157 199
158 160
158 165
158 170
158 175
158 178
158 180
158 183
158 184
158 189
158 190
158 191
158 197
158 198
158 199
159 163
159 170
159 172
159 174
159 177
159 179
159 180
159 185
159 186
159 187
159 191
159 194
159 198
160 162
160 167
160 170
160 174
160 180
160 182
160 186
160 190
160 192
160 196
160 198
161 162
161 166
161 168
161 170
161 172
161 173
161 178
161 179
161 184
161 186
161 190
161 191
161 192
161 195
161 196
161 197
162 169
162 172
162 173
162 174
162 175
162 176
162 178
162 179
162 182
162 186
162 190
162 191
162 193
162 194
162 195
162 197
162 198
163 164
163 173
163 178
163 181
163 185
163 187
163 189
163 192
163 195
163 198
164 168
164 179
164 182
164 188
164 192
165 167
165 172
165 174
165 175
165 178
165 181
165 184
165 187
165 192
165 196
165 197
166 172
166 174
166 177
166 186
166 187
166 188
166 189
166 198
167 174
167 178
167 181
167 184
167 186
167 188
167 191
167 197
167 198
168 169
168 170
168 172
168 173
168 174
168 175
168 177
168 181
168 184
168 185
168 190
168 192
168 194
168 195
169 170
169 175
169 176
169 179
169 183
169 184
169 185
169 187
169 189
169 192
170 172
170 176
170 186
170 187
170 197
170 198
171 173
171 177
171 179
171 180
171 181
171 183
171 184
171 185
171 188
171 191
171 192
171 193
171 196
171 197
172 174
172 176
172 178
172 179
172 183
172 188
173 174
173 175
173 177
173 186
173 188
173 192
173 198
174 178
174 180
174 182
174 183
174 184
174 188
174 191
174 192
174 193
174 197
174 198
174 199
175 184
175 189
175 190
175 191
175 193
176 177
176 182
176 184
176 185
176 186
176 187
176 189
176 190
176 191
176 199
177 182
177 185
177 186
177 188
177 189
177 190
177 191
177 192
177 194
177 196
178 183
178 189
178 195
179 184
179 188
179 197
180 183
180 184
180 187
180 193
180 197
181 183
181 185
181 192
181 193
181 196
182 183
182 194
182 195
182 197
183 185
183 188
183 193
183 197
184 187
184 190
184 191
184 193
184 199
185 189
185 190
185 196
185 199
186 187
186 190
186 192
186 193
186 195
186 198
187 192
187 193
187 195
187 197
187 199
188 191
188 195
188 198
189 190
190 192
190 195
191 192
191 197
191 198
192 193
192 199
193 199
194 195
194 197
195 196
195 197
195 199
